0.517076429461989
0.5161630588856477
0.5153871981708034
0.5155221646690427
0.5158919870880502
0.5158522222514773
0.5154780216610262
0.515135847683282
0.5149885459135941
0.5149713374142
0.5149923564832906
0.5150238615785208
0.5150634969970465
0.5150953309266446
0.5151002531353289
0.5150769606154946
0.5150407383469143
0.5150080779070599
0.5149867752172018
0.5149765395460333
0.5149735068514676
0.5149732361875045
0.5149719347144679
0.5149672331254026
0.5149586627571021
0.5149473656264303
0.5149351439930163
0.5149234982338258
0.5149131464093111
0.5149040512761193
0.5148957157690838
0.5148875199847989
0.5148789765602559
0.5148698564690581
0.5148601844562137
0.5148501436683692
0.5148399527393235
0.5148297714426984
0.5148196611023022
0.5148095949859515
0.5147994967911023
0.5147892833744998
0.5147788950940355
0.5147683072568348
0.5147575249882661
0.5147465689827694
0.5147354604146149
0.5147242107915762
0.5147128187331995
0.5147012724372774
0.5146895549655919
0.5146776494628564
0.5146655424477491
0.5146532246496414
0.5146406899286605
0.5146279333232822
0.5146149492259924
0.5146017302966946
0.5145882672463868
0.514574549263267
0.5145605647000128
0.514546301678117
0.5145317484134363
0.5145168932347695
0.5145017243872828
0.5144862297581989
0.5144703966424978
0.5144542116110316
0.5144376604846701
0.5144207283782565
0.5144033997650763
0.5143856585217141
0.5143674879335987
0.5143488706619987
0.5143297886863518
0.5143102232393875
0.5142901547485464
0.5142695627897274
0.5142484260522922
0.5142267223099772
0.5142044283914391
0.5141815201457911
0.5141579724012036
0.5141337589170758
0.5141088523316815
0.5140832241073898
0.5140568444749058
0.5140296823770046
0.5140017054113785
0.5139728797717855
0.5139431701866389
0.5139125398544434
0.5138809503758286
0.5138483616822158
0.5138147319613002
0.5137800175795249
0.5137441730016311
0.5137071507072397
0.5136689011043283
0.513629372439424
0.5135885107043398
0.51354625953933
0.5135025601325759
0.5134573511159685
0.5134105684571608
0.5133621453478754
0.5133120120884413
0.5132600959685321
0.5132063211440758
0.5131506085103054
0.5130928755709514
0.5130330363035741
0.5129710010210708
0.5129066762294038
0.5128399644816137
0.5127707642282022
0.5126989696639804
0.512624470571503
0.5125471521612154
0.512466894908477
0.5123835743876306
0.5122970611033171
0.5122072203192556
0.5121139118847292
0.5120169900590381
0.5119163033341988
0.5118116942561923
0.5117029992450723
0.5115900484142675
0.5114726653894199
0.5113506671271175
0.5112238637338775
0.5110920582857533
0.5109550466489339
0.5108126173016989
0.510664551158097
0.5105106213936936
0.510350593273736
0.5101842239840524
0.5100112624649988
0.5098314492487354
0.5096445163000988
0.50945018686132
0.5092481753008042
0.5090381869661923
0.5088199180418974
0.5085930554113187
0.5083572765239336
0.5081122492675025
0.5078576318456508
0.5075930726611555
0.507318210205353
0.5070326729541872
0.5067360792715799
0.5064280373209665
0.5061081449860854
0.5057759898023623
0.5054311489005541
0.5050731889646849
0.5047016662067232
0.5043161263609304
0.5039161047013383
0.5035011260864
0.5030707050354972
0.5026243458426678
0.5021615427336541
0.5016817800731266
0.50118453262973
0.5006692659073984
0.500135436552178
0.49958249284457995
0.4990098752882104
0.49841701730610555
0.49780334605676874
0.4971682833823742
0.49651124690190185
0.49583165126209316
0.49512890955901256
0.49440243494263825
0.4936516424162387
0.49287595084129066
0.49207478515731035
0.49124757882416636
0.49039377649219945
0.489512836902737
0.48860423601836483
0.48766747037856717
0.4867020606720831
0.48570755551255446
0.48468353539878917
0.48362961683528416
0.4825454565825969
0.48143075600084095
0.48028526544309696
0.4791087886490407
0.47790118708275353
0.4766623841526879
0.4753923692463454
0.4740912015075953
0.47275901328099035
0.47139601314515295
0.47000248845656
0.46857880732607066
0.46712541995349843
0.4656428592505817
0.4641317406899216
0.4625927613268376
0.4610266979525669
0.4594344043506029
0.45781680764297844
0.45617490372956027
0.454509751840483
0.45282246823918426
0.4511142191305377
0.4493862128446942
0.44763969138188864
0.4458759214160564
0.44409618486520036
0.4423017691436528
0.44049395721547757
0.4386740175691186
0.4368431942310987
0.43500269693126653
0.43315369152410255
0.43129729076034506
0.4294345454911753
0.42756643637393954
0.4256938661344473
0.42381765242677555
0.4219385213177295
0.42005710141004815
0.41817391860645114
0.41628939150589883
0.4144038274141805
0.412517418943169
0.41063024116682323
0.4087422492972067
0.40685327684032485
0.40496303418935775
0.40307110761175635
0.40117695858653424
0.39927992344884455
0.39737921330046616
0.3954739141470788
0.3935629872261157
0.391645269492524
0.38971947423392317
0.38778419179141116
0.3858378903676613
0.383878916909962
0.3819054980625325
0.37991574118977456
0.37790763548014195
0.3758790531490047
0.37382775076824354
0.3717513707602923
0.3696474431049145
0.3675133873179962
0.36534651477299196
0.3631440314471263
0.36090304118584005
0.3586205495899728
0.3562934686405108
0.35391862218506154
0.3514927524182522
0.34901252749473605
0.3464745504182539
0.3438753693532606
0.3412114895071282
0.33847938673127914
0.33567552298940573
0.33279636384093375
0.3298383980889684
0.32679815974480564
0.3236722524660818
0.3204573766323856
0.31715035922925217
0.3137481867160139
0.3102480410503653
0.30664733902627117
0.3029437750439036
0.29913536736139706
0.2952205077691321
0.2911980144700118
0.2870671877390709
0.2828278676730138
0.2784804930320528
0.2740261598377947
0.26946667804517077
0.26480462428390483
0.2600433884007601
0.25518721136357625
0.250241212043938
0.24521140050061196
0.24010467565152538
0.23492880564394752
0.22969238979145276
0.224404801610032
0.21907611321326875
0.21371700207297206
0.20833864187332998
0.20295257984477721
0.1975706035266101
0.19220460035046927
0.18686641374217125
0.18156769959435554
0.17631978695932088
0.1711335466479173
0.16601927110092515
0.16098656843694426
0.15604427299784746
0.15120037404103062
0.1464619635061012
0.14183520305539735
0.13732530989576894
0.13293656027181994
0.12867230900861926
0.12453502309451366
0.12052632704059904
0.11664705763028516
0.11289732566890703
0.10927658244161445
0.10578368876602978
0.10241698476133028
0.09917435872518077
0.09605331379438575
0.09305103134761589
0.09016443037624408
0.0873902222930765
0.08472496086290715
0.0821650871206321
0.07970696929172585
0.07734693784758717
0.07508131591715295
0.07290644533956084
0.0708187086841307
0.06881454758722476
0.06689047776415061
0.06504310105141331
0.06326911482316601
0.06156531910808014
0.05992862171112577
0.058356041620543975
0.05684471095495189
0.05539187568002551
0.05399489529931343
0.05265124169997423
0.05135849731195206
0.05011435271851512
0.048916603837302584
